((("set-default" .
   [0 0 0 0 0 0 0 0 0 0 1])
  ("static_cast" .
   [0 0 0 0 0 0 0 1 0 0 0])
  ("bn2" .
   [3 0 0])
  ("bn1" .
   [2 0 0])
  ("operator" .
   [2 0 0 0 0 0 0 0])
  ("ret" .
   [4 0 0])
  ("return" .
   [2 0 0 0 0 0])
  ("opera2" .
   [1 0 0 0 0 0])
  ("static" .
   [3 0 0 0 0 0])
  ("reinterpret_cast" .
   [0 0 0 1 1 0 0 0 0 0 0 0 0 0 0 0])
  ("dynamic_cast" .
   [0 0 0 0 0 1 0 0 0 0 0 2])
  ("dynamic" .
   [0 0 0 0 1 0 0])
  ("op2" .
   [4 0 0])
  ("op1" .
   [3 0 0])
  ("21" .
   [1 0])
  ("Point" .
   [1 0 0 0 0])
  ("endl" .
   [2 0 0 0])
  ("end" .
   [1 0 0])
  ("bn" .
   [1 0])
  ("cout" .
   [3 0 0 0])
  ("BigNum" .
   [8 0 0 0 1 0])
  ("2" .
   [2])
  ("stream" .
   [1 0 0 0 0 0])
  ("char" .
   [2 0 0 0])
  ("count" .
   [3 0 0 0 0])
  ("int" .
   [2 0 0])
  ("find" .
   [1 0 0 0])
  ("def" .
   [2 0 0])
  ("begin" .
   [0 0 0 0 1])
  ("iter" .
   [2 0 0 0])
  ("ch" .
   [1 0])
  ("1" .
   [5])
  ("if" .
   [3 0])
  ("0" .
   [7])
  ("point" .
   [13 0 0 0 1])
  ("pos" .
   [2 0 0])
  ("erase" .
   [1 0 0 0 0])
  ("tempstr" .
   [2 0 0 0 0 0 0])
  ("string" .
   [3 0 0 0 0 0])
  ("std" .
   [9 0 0])
  ("BigInteger" .
   [2 0 0 0 1 1 0 3 0 5])
  ("new" .
   [3 0 0])
  ("this" .
   [6 0 0 0])
  ("else" .
   [2 0 0 0])
  ("str" .
   [7 0 0])
  ("BigInteger.h" .
   [0 0 0 0 0 0 0 0 0 0 0 1])
  ("c-basic-offset" .
   [0 0 0 0 0 1 0 0 0 0 0 0 0 0])
  ("c-default-style" .
   [0 0 0 0 0 0 1 0 0 0 0 0 0 0 0])
  ("c-style-" .
   [0 0 0 0 0 1 0 0])
  ("defvar" .
   [1 0 0 0 0 0])
  ("linux" .
   [2 0 0 0 0])
  ("setq" .
   [4 0 0 0])
  ("4" .
   [1])
  ("tab-width" .
   [1 0 0 0 0 1 0 0 1])
  ("nil" .
   [1 0 0])
  ("setq-default" .
   [0 0 0 0 0 0 1 1 0 0 0 0])))
